ALBIRMINGHAM
  73  20  0.048 -0.027  72  51  19  0.055 -0.031 447 179 261 169
ALDOTHAN
  78  16  0.040 -0.023  76  54  17  0.050 -0.029 462 161 279 146
ALHUNTSVILLE
  72  21  0.052 -0.028  70  50  19  0.058 -0.032 440 190 258 174
ALMOBILE
  79  16  0.040 -0.024  77  56  16  0.049 -0.029 462 158 283 143
ALMONTGOMERY
  76  18  0.045 -0.025  74  53  18  0.053 -0.030 455 172 268 160
ALMUSCLESHOALS
  72  21  0.053 -0.028  70  50  19  0.059 -0.032 439 192 258 175
ARELDORADO
  74  20  0.050 -0.027  73  53  19  0.055 -0.031 448 180 263 170
ARFAYETTEVILLE
  71  23  0.058 -0.030  67  48  22  0.060 -0.027 441 198 260 182
ARFORTSMITH
  72  22  0.055 -0.028  69  51  21  0.058 -0.027 446 191 262 180
ARJONESBORO
  71  22  0.056 -0.030  69  49  21  0.060 -0.030 436 199 257 181
ARLITTLEROCK
  73  22  0.055 -0.029  71  51  20  0.058 -0.028 440 195 257 173
AZAJO
  85  19  0.036 -0.013  76  56  17  0.035 -0.010 507 197 360 187
AZDOUGLAS
  81  18  0.037 -0.015  75  53  18  0.040 -0.016 524 201 400 212
AZGLOBE
  79  20  0.038 -0.014  69  53  20  0.041 -0.012 531 209 378 201
AZMCNARY
  71  22  0.040 -0.016  68  44  20  0.045 -0.014 542 216 386 220
AZPARKER
  86  19  0.036 -0.012  76  56  19  0.035 -0.008 503 195 344 185
AZPHOENIX
  85  20  0.037 -0.013  76  55  19  0.039 -0.009 519 210 362 196
AZPRESCOTT
  76  22  0.041 -0.015  69  52  20  0.042 -0.013 526 214 358 194
AZSAFFORD
  78  21  0.039 -0.015  72  50  19  0.041 -0.015 535 206 397 215
AZSEDONA
  74  23  0.041 -0.015  67  46  20  0.045 -0.017 534 220 361 195
AZTUCSON
  83  18  0.037 -0.014  75  54  18  0.039 -0.014 519 202 380 200
AZWINSLOW
  71  23  0.042 -0.016  69  45  20  0.046 -0.018 541 222 374 210
AZYUMA
  85  18  0.035 -0.012  75  57  16  0.029 -0.008 497 192 343 180
CABAKERSFIELD
  79  20  0.040 -0.009  70  52  14  0.034 -0.008 464 236 307 164
CABLUECANYON
  76  21  0.046 -0.008  66  46  14  0.043 -0.010 456 270 288 175
CABRAWLEY
  83  19  0.035 -0.011  74  57  15  0.027 -0.008 482 191 337 173
CABRIDGEPORT
  77  21  0.047 -0.009  67  47  15  0.045 -0.012 468 253 300 181
CAEUREKA
  70  10  0.039 -0.004  63  50   9  0.034 -0.008 416 302 266 159
CAFRESNO
  77  21  0.042 -0.008  69  50  13  0.039 -0.009 463 260 294 167
CAINDIO
  83  19  0.035 -0.011  73  57  14  0.028 -0.008 480 193 331 172
CALAKEPORT
  77  12  0.040 -0.005  67  51  10  0.033 -0.008 428 292 274 158
CALOSANGELES
  78   6  0.035 -0.010  68  55   9  0.027 -0.008 459 190 308 149
CAMONTEREY
  77   8  0.037 -0.006  68  52   9  0.029 -0.008 441 268 287 155
CAMOUNTSHASTA
  70  22  0.045 -0.007  62  41  13  0.041 -0.010 427 301 271 182
CAREDBLUFF
  76  20  0.044 -0.006  66  50  13  0.040 -0.008 436 292 276 177
CASACRAMENTO
  77  20  0.043 -0.007  68  50  13  0.040 -0.009 450 276 283 166
CASANDIEGO
  78  10  0.035 -0.011  68  56  10  0.025 -0.008 458 190 320 156
CASANFRANCISCO
  76   8  0.038 -0.006  67  52   9  0.030 -0.008 439 280 281 156
CASANTABARBARA
  77   6  0.035 -0.008  68  54   8  0.028 -0.008 454 220 304 154
CASANTAMARIA
  77   7  0.036 -0.008  68  54   9  0.028 -0.008 455 247 297 153
CAVICTORVILLE
  80  15  0.038 -0.010  70  55  13  0.031 -0.008 466 195 322 162
COALAMOSA
  70  22  0.051 -0.023  60  40  21  0.053 -0.024 493 228 344 199
COCOLORADOSPRINGS
  69  22  0.055 -0.025  58  38  21  0.057 -0.027 478 228 333 189
COCORTEZ
  67  25  0.049 -0.018  63  38  21  0.052 -0.025 508 229 359 207
CODENVER
  68  23  0.058 -0.025  55  37  21  0.059 -0.032 470 231 330 180
CODILLON
  67  24  0.056 -0.023  56  38  21  0.058 -0.032 475 232 336 185
COGRANDJUNCTION
  67  27  0.053 -0.020  60  39  21  0.054 -0.033 488 237 335 192
COPUEBLO
  70  23  0.054 -0.024  59  39  21  0.055 -0.023 480 226 337 195
COSTEAMBOATSPRINGS
  66  26  0.058 -0.024  54  36  21  0.059 -0.034 467 235 331 179
COSTERLING
  67  24  0.060 -0.027  54  36  22  0.062 -0.032 459 230 324 178
COTRINIDAD
  71  21  0.052 -0.023  60  40  21  0.053 -0.021 486 224 343 202
CTBRIDGEPORT
  62  24  0.054 -0.018  60  45  21  0.054 -0.020 391 215 218 150
CTHARTFORD
  61  24  0.055 -0.018  58  44  21  0.057 -0.022 389 218 211 147
DCWASHINGTON
  65  23  0.054 -0.021  63  47  21  0.050 -0.020 406 213 252 164
DEWILMINGTON
  64  23  0.054 -0.018  62  46  21  0.050 -0.019 400 211 245 159
FLAPALACHICOLA
  80  13  0.037 -0.024  78  58  15  0.046 -0.028 468 155 298 136
FLFORTMYERS
  82   9  0.025 -0.015  81  66  10  0.035 -0.025 485 140 342 115
FLFORTPIERCE
  82   9  0.027 -0.016  81  63  12  0.036 -0.026 483 144 330 122
FLGAINESVILLE
  81  12  0.034 -0.022  78  59  14  0.043 -0.027 475 152 310 133
FLJACKSONVILLE
  80  13  0.037 -0.024  77  58  16  0.045 -0.028 469 156 300 137
FLMIAMI
  83   8  0.021 -0.013  82  68   9  0.032 -0.023 495 136 368 108
FLORLANDO
  82  11  0.031 -0.021  80  61  13  0.037 -0.027 480 147 320 127
FLTALLAHASSEE
  80  14  0.038 -0.025  77  57  16  0.047 -0.028 467 152 292 137
FLTAMPA
  82  11  0.030 -0.021  80  62  12  0.038 -0.026 479 148 328 126
GAATLANTA
  73  19  0.048 -0.025  71  51  19  0.056 -0.029 450 174 260 162
GAAUGUSTA
  74  18  0.046 -0.024  72  52  19  0.053 -0.028 453 175 271 161
GABRUNSWICK
  79  14  0.038 -0.022  76  56  17  0.047 -0.028 466 158 290 141
GACOLUMBUS
  76  17  0.043 -0.024  75  53  18  0.051 -0.029 458 168 275 155
GAMACON
  75  17  0.044 -0.023  74  53  18  0.052 -0.028 458 169 274 156
GATOCCOA
  72  20  0.050 -0.026  69  50  19  0.056 -0.029 442 182 260 168
GAWAYCROSS
  78  15  0.039 -0.023  76  55  17  0.049 -0.028 465 160 287 147
IADESMOINES
  60  28  0.071 -0.033  57  39  26  0.071 -0.038 421 231 257 175
IADUBUQUE
  58  29  0.068 -0.029  56  38  26  0.074 -0.038 408 238 247 169
IAMASONCITY
  58  29  0.073 -0.032  55  36  27  0.078 -0.041 415 236 253 172
IAOTTUMWA
  61  28  0.068 -0.032  58  40  26  0.070 -0.037 419 230 254 176
IASIOUXCITY
  59  29  0.074 -0.036  54  36  27  0.076 -0.040 423 234 270 174
IAWATERLOO
  59  29  0.069 -0.031  57  38  26  0.075 -0.038 416 235 253 172
IDBOISE
  63  26  0.058 -0.017  59  39  17  0.057 -0.017 430 276 283 211
IDDUBOIS
  59  27  0.062 -0.022  53  34  19  0.066 -0.038 433 263 304 180
IDIDAHOFALLS
  60  27  0.060 -0.021  54  34  19  0.064 -0.036 437 260 309 179
IDLEWISTON
  61  26  0.058 -0.019  56  38  17  0.060 -0.025 410 290 268 201
IDMCCALL
  61  26  0.058 -0.018  58  37  17  0.059 -0.026 423 279 281 200
IDPOCATELLO
  61  27  0.059 -0.020  55  34  19  0.062 -0.033 443 258 314 184
IDPORTHILL
  58  27  0.059 -0.024  53  37  18  0.065 -0.034 392 295 252 198
IDSALMON
  58  27  0.063 -0.022  54  36  18  0.068 -0.037 418 272 289 187
IDTWINFALLS
  62  27  0.058 -0.017  57  38  18  0.059 -0.030 447 262 308 200
IDWALLACE
  58  27  0.060 -0.028  53  36  18  0.068 -0.036 397 291 262 196
ILCARBONDALE
  67  25  0.062 -0.032  64  45  22  0.064 -0.032 421 217 253 186
ILCHICAGO
  58  28  0.064 -0.027  57  40  24  0.069 -0.033 399 240 243 171
ILMOLINE
  59  29  0.067 -0.029  58  40  25  0.070 -0.036 412 233 248 172
ILPEORIA
  61  28  0.066 -0.030  60  41  24  0.068 -0.034 410 232 249 174
ILQUINCY
  62  27  0.067 -0.031  61  41  25  0.068 -0.034 420 228 254 178
ILSPRINGFIELD
  63  27  0.065 -0.032  62  42  24  0.067 -0.034 417 225 252 181
ILURBANA
  62  27  0.064 -0.030  60  42  24  0.067 -0.033 409 231 248 177
INEVANSVILLE
  66  24  0.061 -0.031  64  46  22  0.064 -0.032 420 218 253 183
INFORTWAYNE
  60  27  0.063 -0.025  58  41  22  0.067 -0.029 395 239 244 173
ININDIANAPOLIS
  62  26  0.063 -0.031  61  42  22  0.066 -0.031 408 226 249 179
INSOUTHBEND
  59  28  0.063 -0.025  57  40  23  0.068 -0.029 397 241 242 170
INWESTLAFAYETTE
  61  27  0.064 -0.028  59  41  23  0.067 -0.032 403 234 246 175
KSCHANUTE
  68  25  0.064 -0.031  63  45  23  0.062 -0.028 440 211 269 187
KSCONCORDIA
  66  25  0.065 -0.032  58  41  25  0.065 -0.028 444 224 283 185
KSDODGECITY
  70  24  0.061 -0.030  60  42  24  0.060 -0.025 462 220 310 198
KSGOODLAND
  66  24  0.062 -0.030  57  38  24  0.061 -0.028 463 227 320 186
KSHAYS
  67  25  0.064 -0.031  59  41  24  0.062 -0.027 456 222 304 188
KSMANHATTAN
  66  25  0.066 -0.032  60  42  25  0.065 -0.029 441 222 285 185
KSSCOTTCITY
  68  24  0.062 -0.030  58  40  24  0.061 -0.026 463 223 316 192
KSTOPEKA
  66  26  0.067 -0.032  60  43  25  0.066 -0.029 438 223 275 184
KSWICHITA
  69  25  0.063 -0.031  62  45  23  0.061 -0.026 452 213 284 187
KYASHLAND
  65  24  0.060 -0.028  63  46  21  0.061 -0.028 411 217 252 178
KYBOWLINGGREEN
  67  24  0.060 -0.031  65  47  21  0.062 -0.032 423 211 254 184
KYHAZARD
  67  23  0.059 -0.028  65  47  21  0.061 -0.030 422 209 255 181
KYLEXINGTON
  66  24  0.061 -0.030  64  46  21  0.063 -0.032 418 215 252 182
KYLOUISVILLE
  66  24  0.061 -0.031  63  45  21  0.063 -0.032 419 217 252 183
KYPADUCAH
  68  25  0.060 -0.031  65  47  21  0.062 -0.032 425 212 254 185
LAALEXANDRIA
  78  17  0.042 -0.025  76  56  18  0.050 -0.030 458 160 279 159
LABATONROUGE
  80  16  0.040 -0.024  77  56  17  0.049 -0.029 462 158 282 150
LALAFAYETTE
  80  16  0.039 -0.024  77  57  16  0.048 -0.029 463 157 290 146
LALAKECHARLES
  81  16  0.040 -0.025  77  58  16  0.049 -0.029 461 157 288 148
LAMONROE
  77  19  0.046 -0.026  75  53  19  0.052 -0.032 451 173 269 165
LANEWORLEANS
  81  15  0.038 -0.023  77  58  16  0.048 -0.028 464 155 290 144
LASHREVEPORT
  77  19  0.048 -0.027  74  55  19  0.052 -0.031 453 170 272 167
MABOSTON
  59  24  0.056 -0.018  58  42  21  0.058 -0.024 388 219 208 142
MAWORCESTER
  59  24  0.056 -0.019  58  42  21  0.059 -0.025 387 218 207 143
MDBALTIMORE
  65  23  0.054 -0.019  63  47  21  0.050 -0.019 402 210 249 162
MDHAGERSTOWN
  63  24  0.057 -0.021  62  46  21  0.056 -0.020 398 217 248 166
MDSALISBURY
  67  21  0.050 -0.018  66  48  21  0.048 -0.019 416 200 255 159
MEAUGUSTA
  54  26  0.059 -0.020  53  35  23  0.070 -0.037 386 229 218 139
MECARIBOU
  49  30  0.064 -0.024  48  30  25  0.075 -0.046 387 246 225 143
MEEASTPORT
  53  26  0.057 -0.018  52  33  22  0.068 -0.032 388 226 222 140
MEJACKMAN
  51  29  0.064 -0.025  50  32  25  0.075 -0.043 376 238 219 140
MEMILLINOCKET
  52  28  0.060 -0.022  51  32  24  0.072 -0.041 388 236 221 140
MEPORTLAND
  56  25  0.058 -0.019  54  37  22  0.067 -0.033 389 225 216 140
MIALPENA
  52  28  0.063 -0.018  51  34  23  0.069 -0.029 391 273 233 152
MIDETROIT
  58  27  0.063 -0.020  56  40  22  0.066 -0.025 388 250 238 164
MIGRANDRAPIDS
  57  29  0.063 -0.023  54  37  23  0.069 -0.030 396 251 238 165
MILANSING
  58  28  0.063 -0.022  56  39  22  0.067 -0.027 392 250 239 167
MIMARQUETTE
  50  30  0.066 -0.024  48  30  26  0.079 -0.040 395 280 234 154
MIONTONAGON
  50  31  0.068 -0.028  47  30  27  0.083 -0.046 397 276 237 160
MISAGINAW
  56  28  0.062 -0.018  55  38  22  0.066 -0.026 390 260 237 161
MISAULTSAINTEMARIE
  50  28  0.063 -0.020  48  31  24  0.071 -0.037 392 281 231 146
MITRAVERSECITY
  53  29  0.063 -0.020  52  34  24  0.070 -0.032 394 267 234 156
MNALEXANDRIA
  53  33  0.080 -0.038  49  31  30  0.085 -0.052 406 252 253 173
MNBEMIDJI
  50  33  0.080 -0.037  47  28  31  0.091 -0.061 398 269 244 177
MNDULUTH
  51  32  0.073 -0.031  48  30  29  0.088 -0.050 399 268 239 169
MNGRANDMARAIS
  48  31  0.071 -0.030  46  26  28  0.087 -0.051 394 282 236 164
MNINTERNATIONALFALLS
  49  33  0.079 -0.036  46  25  30  0.095 -0.063 393 280 238 178
MNMARSHALL
  57  31  0.077 -0.037  52  34  28  0.082 -0.045 417 238 262 168
MNMINNEAPOLIS
  55  31  0.075 -0.032  52  33  28  0.082 -0.046 408 243 250 168
MNSTCLOUD
  53  32  0.077 -0.034  50  32  29  0.085 -0.048 404 246 248 170
MOBETHANY
  62  27  0.069 -0.034  59  41  26  0.069 -0.034 432 228 265 178
MOCOLUMBIA
  65  26  0.066 -0.032  63  44  24  0.065 -0.031 432 224 259 184
MOKANSASCITY
  65  26  0.067 -0.033  61  43  25  0.066 -0.030 434 223 266 182
MOKIRKSVILLE
  63  27  0.067 -0.033  60  41  25  0.068 -0.034 423 228 256 179
MOROLLA
  67  25  0.064 -0.032  64  45  23  0.064 -0.032 428 218 256 185
MOSPRINGFIELD
  69  24  0.062 -0.031  65  47  22  0.062 -0.028 438 206 259 187
MOSTLOUIS
  65  26  0.065 -0.032  63  44  23  0.065 -0.033 422 222 253 184
MOWESTPLAINS
  69  24  0.060 -0.031  66  48  22  0.062 -0.031 431 207 257 185
MSCOLUMBUS
  73  21  0.050 -0.028  72  51  19  0.056 -0.033 446 183 260 172
MSGREENWOOD
  75  20  0.049 -0.027  73  52  19  0.055 -0.032 447 178 264 170
MSJACKSON
  76  19  0.046 -0.026  75  53  18  0.053 -0.033 453 171 272 162
MSMERIDIAN
  76  18  0.045 -0.025  75  53  18  0.054 -0.033 455 169 271 160
MSNATCHEZ
  78  17  0.042 -0.025  76  55  17  0.051 -0.030 457 161 277 156
MTBILLINGS
  59  27  0.075 -0.029  48  32  22  0.079 -0.051 413 261 294 177
MTBOZEMAN
  58  26  0.070 -0.027  49  33  20  0.076 -0.051 412 265 292 178
MTBROADUS
  60  28  0.078 -0.031  49  32  24  0.078 -0.049 418 252 298 175
MTBUTTE
  58  26  0.070 -0.027  50  34  19  0.077 -0.050 413 274 287 180
MTCUTBANK
  58  26  0.078 -0.042  45  31  20  0.083 -0.068 390 286 262 185
MTDILLON
  59  27  0.068 -0.025  52  34  19  0.072 -0.046 419 271 293 180
MTGLASGOW
  57  31  0.082 -0.042  47  30  27  0.085 -0.059 398 270 282 187
MTGREATFALLS
  59  25  0.079 -0.039  47  32  21  0.083 -0.059 393 278 273 177
MTHAVRE
  58  28  0.081 -0.042  45  30  23  0.085 -0.070 390 280 272 183
MTHELENA
  58  26  0.073 -0.030  49  33  20  0.079 -0.055 404 277 283 179
MTKALISPELL
  59  27  0.067 -0.041  50  36  19  0.078 -0.050 395 284 261 192
MTLEWISTOWN
  58  27  0.080 -0.036  48  32  23  0.084 -0.056 402 269 286 177
MTLIBBY
  59  27  0.062 -0.032  52  37  18  0.071 -0.040 393 291 257 195
MTMILESCITY
  58  29  0.080 -0.033  48  32  25  0.082 -0.052 407 259 293 175
MTMISSOULA
  59  27  0.067 -0.028  52  36  19  0.075 -0.047 403 283 271 188
MTWESTYELLOWSTONE
  59  26  0.068 -0.025  50  33  20  0.070 -0.045 420 262 300 178
NCASHEVILLE
  70  21  0.052 -0.027  67  49  20  0.057 -0.029 435 192 258 173
NCCHARLOTTE
  72  20  0.049 -0.024  68  50  19  0.054 -0.027 440 184 266 167
NCGREENSBORO
  70  21  0.051 -0.024  67  48  20  0.055 -0.026 435 187 263 171
NCHICKORY
  70  21  0.052 -0.025  67  48  20  0.056 -0.027 433 195 259 172
NCRALEIGH
  72  19  0.049 -0.022  68  50  20  0.050 -0.024 439 183 270 164
NCWASHINGTON
  71  18  0.046 -0.020  69  50  20  0.048 -0.021 440 179 271 158
NCWILMINGTON
  74  17  0.042 -0.020  71  52  20  0.049 -0.023 457 173 278 155
NDBISMARCK
  55  32  0.082 -0.040  48  31  28  0.084 -0.054 404 263 272 181
NDBOTTINEAU
  52  34  0.084 -0.042  45  28  29  0.091 -0.061 393 278 258 187
NDDICKINSON
  57  31  0.081 -0.038  47  31  27  0.082 -0.053 405 262 281 178
NDFARGO
  53  33  0.081 -0.041  48  30  30  0.088 -0.057 403 259 258 177
NDGRANDFORKS
  52  34  0.082 -0.041  47  29  30  0.090 -0.060 398 268 254 182
NDJAMESTOWN
  54  33  0.082 -0.041  48  30  29  0.087 -0.055 403 260 264 179
NDMINOT
  53  33  0.083 -0.042  46  29  29  0.088 -0.057 396 273 268 183
NDWILLISTON
  55  32  0.083 -0.042  46  30  28  0.086 -0.058 397 272 274 182
NECHADRON
  63  26  0.068 -0.030  52  35  23  0.069 -0.039 439 237 308 175
NEGRANDISLAND
  62  26  0.069 -0.032  56  38  26  0.069 -0.031 438 230 291 177
NEIMPERIAL
  66  25  0.064 -0.030  54  37  24  0.064 -0.030 454 228 317 178
NENORFOLK
  61  28  0.071 -0.035  55  37  26  0.072 -0.036 431 231 279 175
NENORTHPLATTE
  64  25  0.067 -0.031  55  37  25  0.066 -0.031 448 230 307 177
NEOMAHA
  62  27  0.070 -0.034  57  39  26  0.070 -0.033 432 229 273 176
NESCOTTSBLUFF
  65  25  0.065 -0.028  53  36  22  0.065 -0.034 450 234 319 177
NEVALENTINE
  62  28  0.072 -0.035  53  35  26  0.075 -0.037 430 235 288 174
NHCONCORD
  56  26  0.059 -0.020  55  38  22  0.068 -0.034 381 227 208 140
NHMTWASHINGTON
  54  28  0.061 -0.025  53  35  24  0.072 -0.040 379 233 211 139
NJATLANTICCITY
  65  22  0.051 -0.018  64  47  21  0.049 -0.018 402 207 243 156
NJNEWBRUNSWICK
  63  24  0.054 -0.018  62  46  21  0.050 -0.019 395 213 232 155
NMALBUQUERQUE
  71  22  0.045 -0.020  65  43  21  0.048 -0.019 533 223 387 226
NMCARLSBAD
  77  19  0.045 -0.022  69  49  20  0.046 -0.023 507 194 357 207
NMCLAYTON
  71  20  0.054 -0.026  61  42  22  0.053 -0.020 486 220 341 206
NMDEMING
  78  19  0.039 -0.017  70  46  20  0.043 -0.018 548 206 420 225
NMLOSALAMOS
  70  23  0.047 -0.020  64  41  21  0.050 -0.020 520 223 377 220
NMROSWELL
  76  19  0.046 -0.022  68  47  21  0.048 -0.022 510 208 363 213
NMSOCORRO
  76  20  0.043 -0.019  67  44  21  0.045 -0.019 542 216 404 225
NMTUCUMCARI
  73  20  0.050 -0.024  63  44  21  0.050 -0.020 498 215 357 217
NVELKO
  63  25  0.055 -0.021  55  34  17  0.065 -0.030 463 255 311 188
NVELY
  64  24  0.054 -0.023  55  29  18  0.065 -0.033 498 240 333 175
NVFALLON
  75  21  0.052 -0.012  63  40  16  0.052 -0.019 468 257 301 182
NVLASVEGAS
  80  22  0.045 -0.013  72  51  21  0.044 -0.010 515 230 340 185
NVRENO
  76  21  0.050 -0.010  65  44  15  0.047 -0.013 460 270 290 183
NVTONOPAH
  76  21  0.049 -0.013  65  43  16  0.050 -0.015 484 240 310 184
NVWINNEMUCCA
  67  23  0.054 -0.014  60  32  16  0.064 -0.023 456 266 296 179
NYALBANY
  58  26  0.059 -0.020  56  40  22  0.065 -0.030 380 228 211 144
NYBUFFALO
  56  26  0.065 -0.023  55  39  22  0.065 -0.026 375 248 227 158
NYELMIRA
  58  26  0.061 -0.023  56  40  22  0.065 -0.025 378 235 223 155
NYMASSENA
  53  29  0.067 -0.027  52  34  25  0.076 -0.040 360 246 212 138
NYNEWYORK
  63  24  0.054 -0.018  61  45  21  0.051 -0.019 394 212 220 152
NYROCHESTER
  56  27  0.065 -0.023  55  38  22  0.066 -0.028 370 245 220 153
NYSYRACUSE
  57  26  0.062 -0.023  55  39  22  0.066 -0.029 372 238 218 150
NYWATERTOWN
  54  28  0.066 -0.025  53  37  23  0.071 -0.032 367 242 216 143
OHCINCINNATI
  64  25  0.062 -0.030  62  44  21  0.064 -0.031 407 223 251 180
OHCLEVELAND
  60  26  0.065 -0.024  58  41  21  0.065 -0.024 386 243 244 167
OHCOLUMBUS
  63  25  0.063 -0.026  61  44  21  0.065 -0.027 397 227 249 176
OHCOSHOCTON
  62  25  0.062 -0.025  60  44  21  0.064 -0.026 395 230 247 174
OHDAYTON
  63  26  0.063 -0.028  61  43  22  0.065 -0.030 402 226 248 178
OHTOLEDO
  59  27  0.063 -0.022  57  41  22  0.066 -0.025 389 244 241 168
OHYOUNGSTOWN
  61  25  0.063 -0.024  59  43  21  0.063 -0.023 390 233 244 167
OKALTUS
  74  21  0.055 -0.028  66  49  21  0.055 -0.023 473 190 300 195
OKARDMORE
  75  21  0.054 -0.028  70  52  21  0.055 -0.026 457 182 277 180
OKENID
  71  23  0.060 -0.029  63  46  23  0.059 -0.026 462 204 292 192
OKMCALESTER
  73  22  0.056 -0.028  68  51  21  0.057 -0.027 451 190 273 182
OKOKLAHOMACITY
  73  23  0.058 -0.029  66  49  22  0.057 -0.026 458 193 275 190
OKPONCACITY
  71  23  0.061 -0.030  64  47  23  0.060 -0.026 456 203 279 189
OKTULSA
  71  23  0.060 -0.031  66  48  22  0.061 -0.027 446 200 270 186
OKWOODWARD
  72  23  0.060 -0.028  62  45  23  0.058 -0.025 465 209 306 197
ORASTORIA
  59  10  0.039 -0.005  57  45   8  0.038 -0.012 365 222 229 179
ORBAKER
  63  25  0.055 -0.014  57  38  17  0.056 -0.018 418 286 273 207
ORBEND
  64  23  0.050 -0.010  58  38  14  0.047 -0.013 420 302 264 186
ORBURNS
  64  24  0.053 -0.011  58  33  16  0.054 -0.014 429 291 276 194
OREUGENE
  64  15  0.042 -0.006  58  43  11  0.042 -0.011 405 282 258 183
ORKLAMATHFALLS
  69  23  0.048 -0.008  61  40  14  0.047 -0.012 430 301 272 184
ORLAKEVIEW
  69  23  0.051 -0.010  61  35  15  0.050 -0.014 437 288 277 189
ORMEACHAM
  62  25  0.055 -0.013  57  38  17  0.055 -0.017 414 295 267 200
ORMEDFORD
  68  22  0.043 -0.005  61  41  12  0.043 -0.010 421 300 272 182
ORNORTHBEND
  61  10  0.039 -0.005  59  45   8  0.039 -0.010 384 245 248 175
ORONTARIO
  63  25  0.057 -0.015  58  39  17  0.056 -0.018 425 280 281 204
ORPORTLAND
  61  15  0.042 -0.007  57  44  10  0.040 -0.012 391 255 243 180
ORSALEM
  61  15  0.042 -0.007  58  43  10  0.041 -0.012 398 262 251 181
ORSEXTONSUMMIT
  66  18  0.041 -0.005  60  42  11  0.041 -0.010 412 290 259 179
ORTHEDALLES
  62  23  0.049 -0.010  57  41  13  0.045 -0.015 408 302 253 188
PAALLENTOWN
  63  24  0.056 -0.019  61  45  21  0.054 -0.019 395 215 239 159
PABRADFORD
  59  26  0.063 -0.023  57  41  21  0.064 -0.023 381 239 233 163
PAERIE
  58  26  0.065 -0.023  57  40  21  0.065 -0.024 379 246 235 164
PAHARRISBURG
  63  24  0.057 -0.020  61  45  21  0.055 -0.019 394 220 243 162
PAPHILADELPHIA
  63  23  0.054 -0.018  62  46  21  0.050 -0.019 396 211 241 158
PAPITTSBURGH
  62  25  0.062 -0.024  59  44  21  0.061 -0.022 393 227 245 169
PASCRANTON
  61  25  0.058 -0.020  58  44  21  0.059 -0.020 388 225 230 157
PASTATECOLLEGE
  62  25  0.059 -0.021  59  44  21  0.060 -0.020 390 228 240 163
RIPROVIDENCE
  61  24  0.056 -0.018  58  44  21  0.056 -0.023 391 216 209 145
SCCHARLESTON
  75  16  0.041 -0.023  74  54  19  0.050 -0.028 464 170 283 159
SCCOLUMBIA
  74  18  0.045 -0.024  72  52  19  0.052 -0.028 452 173 270 161
SCFLORENCE
  73  18  0.045 -0.024  71  52  19  0.051 -0.026 450 175 274 161
SCGREENVILLE
  72  20  0.050 -0.025  69  50  19  0.056 -0.029 442 181 262 169
SDABERDEEN
  57  32  0.080 -0.039  51  32  28  0.082 -0.049 413 240 271 174
SDBUFFALOGAP
  63  27  0.070 -0.030  52  35  23  0.070 -0.039 431 237 307 174
SDHURON
  58  31  0.078 -0.037  52  33  28  0.081 -0.045 417 239 274 172
SDLEAD
  61  28  0.074 -0.032  50  33  24  0.072 -0.043 420 241 297 174
SDMOBRIDGE
  58  31  0.080 -0.038  50  32  27  0.081 -0.048 412 245 278 175
SDPIERRE
  60  30  0.077 -0.036  52  33  26  0.077 -0.044 419 239 282 173
SDRAPIDCITY
  62  28  0.074 -0.032  51  34  24  0.071 -0.040 421 238 294 173
SDSIOUXFALLS
  58  30  0.075 -0.037  53  34  28  0.080 -0.042 420 236 272 171
TNBRISTOL
  69  22  0.055 -0.026  67  48  20  0.058 -0.028 429 200 257 176
TNCHATTANOOGA
  72  21  0.052 -0.027  69  49  19  0.058 -0.031 438 191 258 173
TNJACKSON
  71  22  0.056 -0.030  69  49  20  0.061 -0.032 434 201 257 181
TNKNOXVILLE
  71  21  0.054 -0.028  68  48  20  0.059 -0.030 433 198 257 176
TNMEMPHIS
  72  22  0.055 -0.030  70  49  20  0.060 -0.032 437 196 258 179
TNNASHVILLE
  70  22  0.057 -0.030  68  48  20  0.062 -0.032 432 208 255 186
TXABILENE
  77  20  0.050 -0.027  70  52  21  0.053 -0.024 477 178 301 187
TXAMARILLO
  73  20  0.054 -0.026  62  44  22  0.053 -0.025 480 203 330 209
TXBROWNSVILLE
  83  11  0.029 -0.021  78  65  13  0.040 -0.027 481 176 291 157
TXCOLLEGESTATION
  80  17  0.043 -0.026  75  57  18  0.052 -0.032 459 158 283 160
TXCORPUSCHRISTI
  82  13  0.034 -0.022  78  61  14  0.043 -0.028 476 165 291 156
TXDALLAS
  77  20  0.050 -0.028  72  55  20  0.053 -0.027 458 173 276 176
TXDELRIO
  81  16  0.040 -0.021  76  56  17  0.046 -0.028 487 180 307 177
TXELPASO
  78  19  0.039 -0.018  71  49  20  0.044 -0.021 554 207 420 227
TXFREDERICKSBURG
  80  17  0.042 -0.025  74  56  19  0.051 -0.031 472 171 294 172
TXFREEPORT
  81  15  0.038 -0.023  77  59  16  0.048 -0.029 464 157 291 152
TXHOUSTON
  81  16  0.039 -0.024  77  58  16  0.049 -0.030 462 157 290 154
TXLAREDO
  82  14  0.033 -0.021  77  60  15  0.043 -0.029 483 178 300 166
TXLUBBOCK
  75  20  0.052 -0.026  66  47  21  0.050 -0.024 490 195 325 205
TXLUFKIN
  79  18  0.043 -0.026  76  57  18  0.053 -0.034 457 159 280 161
TXMARFA
  80  17  0.041 -0.021  73  53  19  0.046 -0.025 501 189 321 189
TXMIDLAND
  79  18  0.048 -0.025  69  50  20  0.048 -0.023 492 183 317 198
TXPARIS
  75  21  0.053 -0.028  71  53  20  0.056 -0.026 452 181 270 177
TXPORTARTHUR
  81  16  0.039 -0.024  77  58  16  0.049 -0.029 461 156 289 150
TXPRESIDIO
  81  18  0.039 -0.019  73  52  19  0.043 -0.022 540 197 397 212
TXSANANGELO
  80  18  0.048 -0.026  72  53  20  0.052 -0.027 479 176 304 180
TXSANANTONIO
  81  16  0.040 -0.024  76  58  17  0.050 -0.031 468 167 293 167
TXTEMPLE
  79  18  0.046 -0.026  74  56  18  0.052 -0.031 463 160 284 168
TXVICTORIA
  81  14  0.037 -0.023  77  60  15  0.047 -0.029 474 159 291 155
TXWACO
  78  19  0.048 -0.027  73  56  19  0.052 -0.030 459 166 280 171
TXWICHITAFALLS
  76  21  0.054 -0.028  70  52  21  0.055 -0.024 463 180 283 182
UTHEBER
  66  27  0.056 -0.019  61  38  20  0.060 -0.033 474 239 333 201
UTLOGAN
  63  27  0.059 -0.019  57  36  19  0.059 -0.033 456 250 323 190
UTMILFORD
  67  25  0.052 -0.025  61  33  20  0.063 -0.031 503 235 340 189
UTMONTICELLO
  67  26  0.051 -0.018  65  37  21  0.051 -0.028 513 230 360 210
UTRICHFIELD
  66  26  0.055 -0.021  63  34  20  0.063 -0.032 489 236 342 203
UTSALTLAKECITY
  65  27  0.057 -0.018  60  39  20  0.058 -0.033 469 242 330 202
UTSTGEORGE
  70  24  0.050 -0.021  66  38  20  0.054 -0.029 522 231 343 184
UTVERNAL
  66  27  0.058 -0.019  57  37  20  0.057 -0.035 470 238 334 182
VACHARLOTTESVILLE
  67  22  0.053 -0.024  65  47  21  0.053 -0.022 418 203 257 167
VANORFOLK
  69  20  0.048 -0.019  68  48  20  0.048 -0.020 430 189 265 161
VARICHMOND
  68  21  0.051 -0.020  67  48  20  0.049 -0.021 423 196 260 164
VAROANOKE
  68  22  0.055 -0.026  66  48  20  0.056 -0.027 424 202 257 173
VAWINCHESTER
  64  24  0.057 -0.022  63  46  21  0.056 -0.020 401 217 251 166
VTBURLINGTON
  53  29  0.066 -0.027  53  35  25  0.077 -0.042 363 238 209 139
VTSTJOHNSBURY
  53  29  0.065 -0.026  53  35  25  0.074 -0.042 370 234 209 138
WABELLINGHAM
  59  16  0.038 -0.005  56  46  10  0.029 -0.012 375 242 225 180
WACHELAN
  60  26  0.051 -0.011  55  41  14  0.042 -0.015 392 301 240 193
WAHOQUIAM
  59   9  0.038 -0.004  57  47   8  0.030 -0.012 363 221 225 178
WAODESSA
  62  26  0.052 -0.015  55  40  16  0.049 -0.017 403 302 256 200
WAOLYMPIA
  61  13  0.040 -0.005  57  46  10  0.032 -0.013 377 240 229 179
WASEATTLE
  61  16  0.041 -0.006  57  45  10  0.030 -0.013 380 252 230 180
WASPOKANE
  59  26  0.058 -0.018  54  38  17  0.056 -0.022 397 298 255 201
WASPRUCE
  58   8  0.037 -0.003  57  47   7  0.027 -0.011 360 220 221 177
WASTAMPEDEPASS
  61  20  0.043 -0.008  56  44  12  0.036 -0.014 387 280 242 186
WAWALLAWALLA
  62  26  0.056 -0.016  56  39  16  0.052 -0.018 410 300 261 200
WAYAKIMA
  62  23  0.050 -0.010  56  40  14  0.045 -0.016 404 302 252 192
WIEAUCLAIRE
  55  31  0.070 -0.029  52  33  28  0.082 -0.043 405 250 243 165
WIGREENBAY
  54  30  0.065 -0.024  52  34  25  0.075 -0.037 398 260 237 160
WIHAYWARD
  52  32  0.071 -0.030  49  31  28  0.086 -0.047 399 261 239 164
WILACROSSE
  56  30  0.069 -0.029  53  36  27  0.079 -0.041 407 242 244 167
WIMADISON
  57  29  0.066 -0.027  55  37  25  0.076 -0.036 401 241 246 170
WIMILWAUKEE
  57  29  0.065 -0.025  55  38  25  0.072 -0.034 398 248 239 167
WIMINOCQUA
  52  31  0.068 -0.027  49  32  27  0.082 -0.043 396 269 237 158
WIWAUSAU
  53  30  0.067 -0.026  51  33  26  0.080 -0.041 398 260 238 161
WVBECKLEY
  68  23  0.057 -0.027  65  47  21  0.059 -0.027 419 208 254 176
WVCHARLESTON
  67  24  0.059 -0.028  64  46  21  0.061 -0.028 412 215 253 177
WVELKINS
  64  24  0.058 -0.024  63  46  21  0.058 -0.024 406 214 252 171
WVMORGANTOWN
  63  25  0.060 -0.025  62  45  21  0.060 -0.024 399 221 250 173
WVPARKERSBURG
  64  24  0.061 -0.027  62  45  21  0.061 -0.027 405 220 251 176
WYCASPER
  63  26  0.065 -0.025  51  33  21  0.068 -0.039 441 238 320 173
WYCHEYENNE
  66  25  0.060 -0.023  53  35  22  0.062 -0.034 458 234 325 176
WYCODY
  59  26  0.069 -0.026  49  32  21  0.070 -0.044 424 258 305 176
WYGILLETTE
  62  28  0.072 -0.029  50  33  23  0.072 -0.043 422 244 306 173
WYLANDER
  61  26  0.062 -0.023  50  33  21  0.066 -0.037 444 243 327 171
WYLARAMIE
  65  26  0.060 -0.025  54  34  21  0.061 -0.035 459 235 326 175
WYMORAN
  59  26  0.066 -0.024  50  32  20  0.067 -0.041 428 257 309 178
WYRAWLINS
  65  27  0.059 -0.022  54  34  21  0.061 -0.036 456 237 328 177
WYROCKSPRINGS
  64  27  0.058 -0.020  55  35  21  0.060 -0.035 460 239 330 179
WYSHERIDAN
  60  27  0.072 -0.028  49  32  23  0.073 -0.047 420 248 304 174
WYWORLAND
  60  26  0.068 -0.025  49  32  21  0.068 -0.042 432 247 312 172
